000001
000003
000005
000007
000008
000009
000010
000011
000012
000013
000014
000015
000016
000017
000018
000019
000020
000021
000022
000023
000024
000025
000026
000030
000031
000032
000033
000034
000035
000036
000038
000040
000041
000042
000043
000044
000045
000047
000048
000049
000050
000051
000052
000053
000054
000055
000056
000058
000059
000063
000064
000065
000066
000070
000071
000072
000073
000074
000075
000076
000077
000079
000080
000081
000082
000083
000084
000086
000087
000091
000093
000094
000095
000096
000097
000098
000103
000104
000106
000108
000109
000111
000112
000113
000114
000116
000117
000118
000120
000121
000123
000124
000125
000126
000127
000128
000129
000130
000131
000134
000135
000136
000138
000139
000140
000141
000143
000144
000146
000147
000148
000149
000150
000154
000156
000157
000159
000160
000162
000163
000164
000165
000166
000167
000168
000169
000170
000171
000172
000177
000179
000180
000183
000184
000186
000188
000189
000192
000193
000194
000195
000197
000198
000199
000200
000201
000202
000203
000204
000206
000207
000208
000212
000214
000215
000216
000218
000221
000223
000227
000228
000230
000232
000235
000236
000237
000238
000240
000242
000243
000244
000246
000247
000248
000251
000252
000253
000257
000258
000260
000261
000262
000263
000265
000266
000267
000268
000269
000270
000275
000276
000277
000278
000281
000284
000287
000288
000290
000291
000292
000294
000295
000296
000297
000298
000300
000301
000302
000303
000304
000306
000307
000311
000312
000313
000314
000315
000316
000317
000318
000320
000321
000323
000324
000325
000326
000327
000328
000329
000330
000332
000336
000337
000339
000341
000342
000345
000346
000349
000350
000356
000357
000358
000359
000361
000362
000363
000364
000365
000367
000368
000373
000375
000376
000377
000379
000381
000382
000387
000388
000389
000390
000391
000392
000393
000394
000397
000398
000399
000400
000402
000403
000405
000406
000407
000408
000411
000413
000416
000417
000418
000419
000420
000421
000422
000423
000425
000426
000427
000428
000431
000433
000435
000436
000438
000439
000440
000442
000443
000444
000446
000447
000448
000449
000450
000451
000452
000453
000454
000456
000457
000459
000461
000462
000463
000464
000465
000467
000468
000469
000470
000471
000473
000474
000475
000476
000477
000478
000479
000480
000482
000483
000484
000485
000486
000487
000488
000489
000491
000494
000495
000496
000498
000500
000501
000502
000503
000504
000505
000506
000507
000508
000509
000510
000511
000512
000513
000514
000515
000517
000518
000519
000520
000522
000523
000524
000525
000526
000528
000529
000531
000533
000534
000535
000536
000537
000538
000541
000543
000546
000547
000548
000550
000551
000552
000554
000555
000556
000557
000558
000560
000561
000562
000563
000564
000565
000566
000567
000568
000570
000571
000572
000574
000576
000577
000578
000579
000580
000581
000582
000583
000586
000587
000589
000590
000591
000592
000593
000595
000596
000599
000600
000601
000604
000605
000606
000607
000608
000610
000611
000612
000613
000614
000615
000616
000617
000618
000620
000621
000623
000624
000625
000628
000629
000630
000631
000632
000634
000636
000638
000639
000640
000642
000643
000644
000645
000646
000647
000648
000649
000650
000651
000652
000653
000654
000656
000657
000658
000659
000660
000661
000667
000668
000669
000670
000671
000672
000673
000674
000675
000676
000677
000678
000679
000680
000681
000682
000685
000686
000687
000688
000689
000690
000691
000692
000693
000695
000696
000697
000698
000699
000700
000701
000702
000703
000704
000705
000706
000707
000709
000710
000711
000712
000713
000715
000716
000718
000720
000722
000723
000724
000725
000726
000727
000728
000729
000730
000732
000733
000734
000735
000736
000737
000739
000741
000742
000744
000745
000746
000747
000748
000749
000750
000751
000753
000754
000755
000757
000759
000760
000761
000763
000766
000767
000768
000769
000770
000772
000773
000774
000775
000776
000777
000778
000780
000781
000782
000783
000785
000786
000789
000790
000791
000792
000793
000794
000795
000796
000797
000798
000799
000801
000802
000804
000805
000806
000807
000810
000811
000812
000813
000814
000815
000816
000818
000820
000821
000822
000823
000824
000826
000827
000830
000831
000832
000833
000834
000835
000836
000837
000839
000840
000841
000845
000846
000847
000848
000850
000851
000852
000853
000854
000855
000856
000857
000860
000861
000863
000864
000865
000869
000870
000872
000873
000876
000877
000878
000879
000880
000881
000882
000883
000884
000885
000886
000887
000888
000889
000890
000891
000892
000893
000894
000895
000896
000897
000898
000899
000901
000902
000903
000904
000905
000906
000907
000908
000909
000912
000913
000915
000916
000917
000918
000921
000923
000924
000925
000926
000927
000928
000929
000931
000932
000933
000935
000937
000939
000940
000941
000943
000944
000945
000947
000949
000952
000955
000956
000958
000959
000960
000961
000964
000965
000967
000969
000970
000973
000974
000976
000977
000978
000979
000981
000983
000985
000989
000990
000994
000995
000996
000997
001001
001002
001006
001011
001012
001014
001015
001016
001017
001021
001022
001024
001026
001027
001028
001029
001032
001033
001034
001035
001036
001037
001038
001039
001040
001042
001043
001045
001047
001048
001049
001051
001052
001056
001058
001059
001060
001061
001065
001066
001067
001068
001070
001073
001074
001075
001076
001077
001078
001085
001086
001087
001089
001090
001091
001092
001093
001094
001098
001099
001101
001102
001105
001106
001107
001108
001109
001110
001112
001114
001115
001116
001117
001118
001121
001122
001123
001125
001126
001127
001129
001130
001133
001134
001135
001136
001138
001139
001140
001141
001142
001144
001145
001146
001148
001149
001150
001152
001153
001154
001155
001156
001158
001159
001160
001164
001168
001169
001170
001171
001172
001173
001175
001176
001179
001180
001181
001182
001184
001185
001186
001188
001189
001190
001191
001192
001193
001194
001195
001196
001197
001198
001199
001200
001201
001203
001204
001205
001206
001207
001209
001211
001212
001213
001214
001216
001217
001218
001219
001220
001221
001222
001224
001229
001230
001231
001232
001235
001236
001237
001238
001239
001240
001241
001242
001243
001244
001248
001249
001251
001258
001259
001260
001262
001263
001265
001266
001267
001268
001269
001270
001271
001273
001274
001275
001277
001278
001279
001280
001281
001282
001283
001284
001285
001286
001287
001288
001289
001290
001291
001292
001293
001294
001296
001297
001298
001300
001304
001305
001306
001307
001310
001311
001313
001315
001316
001317
001318
001320
001322
001323
001324
001325
001326
001327
001328
001329
001330
001331
001333
001334
001336
001338
001339
001341
001342
001344
001345
001346
001347
001349
001350
001352
001353
001354
001355
001356
001357
001358
001361
001362
001363
001364
001365
001368
001369
001372
001373
001374
001375
001377
001378
001379
001380
001381
001382
001383
001384
001385
001387
001388
001389
001390
001391
001392
001394
001396
001397
001398